# Knapsack Capacity (best=504948)
1000000

# Items: Weight Value
500002 500066
500014 500008
500005 500083
500075 500088
500022 500043
500058 500076
500043 500016
500034 500096
500053 500035
500050 500052
500026 500028
500061 500027
500087 500081
500080 500085
500010 500017
500057 500092
500095 500075
500073 500092
500099 500022
500059 500019
500095 500056
500012 500057
500060 500087
500026 500025
500001 500074
500045 500098
500099 500067
500092 500054
500071 500042
500002 500093
500099 500045
500004 500001
500001 500061
500042 500007
500019 500090
500100 500093
500078 500080
500051 500059
500012 500075
500019 500006
500039 500029
500024 500079
500016 500032
500041 500083
500044 500044
500015 500051
500003 500068
500064 500088
500052 500012
500018 500009
500089 500015
500063 500040
500048 500085
500076 500041
500088 500098
500005 500013
500075 500048
500087 500054
500095 500098
500086 500046
500018 500028
500099 500050
500062 500074
500066 500095
500040 500097
500022 500036
500068 500012
500083 500028
500044 500070
500063 500080
500076 500027
500083 500089
500036 500063
500083 500016
500008 500035
500090 500030
500028 500021
500038 500017
500059 500054
500025 500087
500074 500077
500059 500012
500067 500039
500074 500042
500072 500060
500100 500032
500096 500029
500062 500002
500031 500073
500038 500043
500058 500018
500034 500081
500061 500037
500032 500023
500061 500035
500016 500076
500088 500017
500096 500079
500030 500093
500072 500055
500010 500057
500076 500034
500039 500097
500038 500068
500099 500095
500071 500017
500073 500068
500013 500087
500059 500088
500004 500008
500080 500062
500024 500032
500030 500025
500023 500054
500098 500059
500050 500007
500088 500004
500033 500049
500056 500056
500098 500041
500061 500076
500018 500061
500098 500012
500078 500083
500008 500074
500097 500087
500017 500056
500026 500074
500032 500044
500072 500002
500081 500047
500047 500067
500045 500012
500055 500005
500003 500037
500058 500007
500022 500067
500086 500058
500001 500040
500068 500088
500100 500022
500041 500007
500061 500016
500019 500078
500086 500087
500084 500066
500090 500052
500085 500082
500027 500089
500059 500056
500014 500039
500007 500061
500083 500092
500051 500059
500063 500042
500068 500067
500012 500082
500062 500057
500058 500093
500015 500081
500065 500021
500065 500022
500024 500040
500076 500018
500061 500071
500019 500079
500009 500090
500084 500099
500006 500022
500042 500068
500004 500044
500035 500058
500048 500025
500096 500033
500086 500099
500081 500087
500098 500071
500010 500006
500040 500044
500092 500088
500087 500059
500083 500011
500073 500044
500026 500034
500054 500016
500091 500063
500040 500042
500083 500057
500040 500044
500039 500002
500079 500011
500018 500068
500070 500009
500040 500028
500100 500029
500040 500036
500100 500046
500053 500090
500071 500001
500050 500016
500043 500060
500083 500024
500042 500047
500067 500034
500096 500035
500006 500025
500079 500030
500077 500089
500088 500032
500071 500007
500087 500054
500090 500036
500005 500009
500016 500070
500051 500048
500070 500098
500079 500014
500001 500022
500087 500091
500004 500022
500079 500021
500081 500092
500039 500017
500086 500005
500095 500067
500034 500047
500002 500076
500094 500074
500063 500090
500043 500028
500029 500022
500092 500011
500086 500034
500058 500100
500033 500035
500031 500023
500016 500023
500095 500037
500011 500035
500008 500067
500033 500007
500097 500014
500097 500009
500091 500051
500021 500021
500065 500050
500025 500009
500014 500088
500018 500064
500066 500029
500091 500037
500060 500078
500038 500058
500011 500087
500070 500050
500051 500098
500071 500066
500022 500027
500088 500067
500044 500066
500075 500073
500032 500080
500088 500086
500097 500048
500079 500012
500094 500003
500002 500018
500022 500084
500021 500040
500013 500049
500032 500057
500040 500058
500048 500010
500067 500001
500056 500080
500023 500021
500068 500055
500046 500069
500022 500095
500087 500084
500013 500054
500070 500009
500081 500002
500021 500006
500062 500091
500017 500035
500010 500072
500055 500078
500097 500017
500094 500041
500047 500092
500082 500100
500053 500061
500083 500031
500062 500045
500069 500002
500060 500009
500076 500050
500030 500023
500085 500012
500029 500088
500051 500049
500004 500097
500093 500034
500088 500045
500074 500047
500070 500098
500030 500035
500091 500069
500007 500070
500087 500065
500099 500097
500071 500014
500074 500066
500020 500042
500065 500085
500022 500025
500041 500020
500045 500080
500097 500086
500087 500010
500002 500053
500096 500033
500075 500074
500007 500085
500079 500069
500073 500035
500048 500012
500067 500009
500068 500027
500087 500025
500043 500053
500059 500038
500026 500099
500069 500039
500056 500063
500015 500001
500096 500023
500025 500050
500091 500002
500093 500079
500028 500024
500083 500029
500091 500083
500090 500093
500072 500018
500036 500081
500052 500055
500057 500061
500086 500066
500089 500091
500009 500002
500017 500078
500025 500001
500064 500015
500045 500063
500065 500018
500026 500084
500069 500099
500093 500036
500028 500050
500065 500013
500087 500042
500083 500037
500002 500004
500011 500019
500040 500082
500049 500098
500062 500001
500021 500086
500047 500077
500019 500100
500099 500043
500076 500082
500021 500022
500003 500024
500075 500035
500092 500089
500093 500049
500081 500012
500098 500003
500009 500066
500004 500065
500026 500071
500034 500084
500011 500095
500042 500030
500078 500051
500066 500010
500010 500097
500022 500091
500025 500006
500099 500040
500013 500086
500006 500090
500043 500032
500044 500019
500018 500004
500099 500066
500028 500059
500100 500060
500073 500040
500030 500080
500089 500085
500001 500087
500090 500093
500061 500074
500061 500029
500003 500091
500099 500030
500072 500016
500038 500008
500074 500069
500029 500037
500060 500061
500052 500048
500060 500049
500069 500056
500011 500062
500043 500092
500012 500046
500044 500020
500014 500080
500022 500028
500073 500076
500046 500046
500059 500063
500066 500053
500004 500037
500026 500017
500022 500005
500017 500059
500056 500038
500006 500026
500026 500087
500086 500066
500022 500074
500052 500024
500077 500001
500007 500038
500043 500072
500051 500065
500025 500068
500059 500031
500008 500066
500060 500047
500009 500089
500068 500029
500082 500040
500034 500083
500097 500049
500026 500008
500013 500022
500024 500013
500065 500048
500090 500031
500018 500088
500039 500091
500013 500091
500059 500027
500091 500038
500016 500084
500037 500005
500018 500033
500047 500036
500058 500072
500042 500090
500058 500038
500026 500042
500074 500079
500042 500062
500033 500005
500006 500038
500019 500018
500076 500057
500009 500042
500033 500006
500087 500059
500049 500006
500024 500015
500068 500063
500067 500020
500081 500087
500016 500061
500029 500032
500095 500013
500047 500002
500070 500092
500094 500013
500067 500092
500025 500027
500027 500038
500090 500065
500093 500042
500067 500028
500053 500051
500049 500075
500077 500072
500054 500060
500055 500066
500094 500019
500045 500061
500058 500015
500002 500038
500037 500068
500018 500069
500012 500025
500077 500044
500004 500014
500098 500074
500055 500006
500048 500006
500060 500059
500061 500046
500087 500021
500039 500015
500018 500020
500092 500081
500038 500063
500020 500046
500079 500062
500017 500020
500099 500074
500077 500085
500041 500009
500040 500079
500027 500092
500025 500033
500086 500019
500021 500014
500022 500089
500088 500068
500051 500096
500086 500023
500001 500099
500040 500063
500001 500079
500086 500069
500056 500057
500033 500010
500095 500041
500057 500023
500051 500023
500034 500069
500074 500042
500074 500042
500052 500028
500039 500014
500004 500085
500015 500028
500010 500017
500100 500058
500084 500043
500023 500091
500023 500076
500010 500061
500079 500037
500099 500099
500034 500052
500049 500085
500059 500021
500083 500088
500066 500067
500048 500030
500071 500068
500072 500055
500081 500015
500098 500027
500064 500046
500010 500080
500042 500068
500076 500020
500040 500035
500016 500061
500071 500008
500012 500086
500008 500047
500040 500065
500022 500038
500083 500025
500042 500023
500097 500049
500015 500028
500069 500016
500059 500029
500045 500087
500044 500060
500097 500074
500094 500083
500095 500024
500007 500072
500009 500050
500054 500030
500078 500024
500067 500035
500081 500044
500081 500010
500086 500098
500070 500015
500052 500084
500041 500055
500032 500010
500067 500011
500085 500018
500029 500052
500073 500059
500081 500013
500035 500069
500007 500083
500099 500019
500067 500037
500009 500012
500082 500064
500042 500089
500007 500088
500069 500078
500004 500055
500064 500079
500050 500051
500014 500033
500057 500067
500051 500079
500032 500012
500011 500038
500024 500028
500068 500019
500062 500022
500060 500053
500075 500039
500001 500065
500067 500053
500018 500051
500075 500050
500079 500061
500002 500081
500006 500070
500071 500025
500093 500067
500089 500052
500063 500081
500095 500090
500035 500052
500011 500070
500034 500002
500025 500009
500018 500087
500049 500041
500078 500011
500054 500076
500016 500096
500065 500063
500011 500024
500057 500038
500029 500052
500067 500049
500045 500030
500046 500069
500075 500024
500087 500089
500013 500099
500001 500096
500097 500039
500035 500094
500077 500096
500094 500038
500025 500058
500098 500054
500096 500100
500038 500021
500043 500038
500055 500026
500025 500067
500001 500085
500052 500043
500038 500080
500018 500093
500041 500046
500099 500088
500098 500053
500095 500034
500003 500082
500049 500055
500069 500067
500041 500041
500038 500056
500026 500031
500010 500038
500032 500021
500095 500015
500012 500100
500026 500080
500008 500033
500013 500023
500074 500067
500018 500097
500035 500017
500085 500065
500031 500058
500049 500027
500039 500080
500095 500064
500082 500094
500015 500022
500085 500057
500036 500021
500058 500005
500053 500019
500055 500024
500013 500086
500048 500072
500059 500082
500100 500078
500080 500084
500051 500016
500058 500038
500081 500045
500074 500095
500078 500064
500038 500093
500001 500010
500038 500051
500091 500037
500015 500097
500093 500097
500060 500076
500091 500022
500088 500027
500075 500099
500012 500066
500017 500076
500031 500006
500043 500092
500045 500082
500029 500040
500072 500096
500030 500086
500018 500083
500027 500018
500070 500054
500017 500069
500094 500011
500071 500083
500071 500010
500005 500046
500053 500063
500055 500052
500095 500032
500042 500095
500028 500005
500079 500028
500058 500015
500045 500082
500032 500030
500020 500053
500050 500063
500073 500084
500073 500073
500011 500053
500051 500044
500046 500096
500034 500036
500054 500039
500060 500059
500034 500036
500007 500083
500031 500007
500096 500038
500071 500038
500086 500037
500049 500056
500029 500096
500066 500081
500003 500010
500007 500090
500033 500009
500066 500050
500064 500019
500055 500088
500092 500099
500011 500055
500037 500003
500067 500043
500007 500048
500085 500017
500092 500034
500066 500019
500032 500084
500014 500068
500050 500090
500029 500046
500084 500016
500059 500026
500036 500086
500005 500063
500041 500004
500011 500011
500093 500059
500052 500018
500069 500073
500008 500093
500005 500086
500068 500020
500041 500038
500030 500054
500029 500065
500020 500059
500078 500025
500076 500086
500011 500033
500088 500008
500020 500085
500018 500003
500008 500001
500072 500018
500062 500017
500009 500056
500031 500015
500072 500029
500047 500075
500086 500056
500033 500034
500051 500027
500048 500024
500003 500044
500041 500038
500045 500003
500028 500061
500008 500037
500067 500061
500004 500052
500087 500067
500071 500018
500009 500011
500025 500030
500068 500094
500085 500089
500059 500091
500070 500072
500085 500088
500019 500050
500081 500070
500056 500098
500013 500030
500044 500017
500068 500089
500017 500073
500064 500004
500098 500042
500075 500068
500071 500073
500060 500029
500012 500015
500081 500040
500042 500038
500095 500029
500004 500056
500061 500046
500002 500069
500055 500006
500034 500079
500021 500035
500019 500033
500008 500010
500095 500073
500092 500084
500010 500041
500049 500059
500010 500003
500012 500040
500038 500007
500041 500075
500042 500073
500038 500045
500057 500055
500094 500012
500054 500075
500072 500093
500025 500074
500084 500081
500046 500040
500013 500061
500040 500063
500025 500005
500097 500016
500085 500027
500011 500096
500008 500027
500061 500065
500078 500023
500047 500055
500010 500087
500020 500080
500092 500016
500002 500031
500013 500054
500006 500096
500060 500005
500066 500099
500094 500033
500099 500001
54 62
41 83
5 59
3 42
59 3
32 47
48 42
10 4
92 30
93 61
25 22
69 21
58 3
74 49
77 87
20 71
99 87
11 27
62 52
27 51
4 54
60 62
22 83
83 11
100 42
96 73
44 73
98 21
59 42
89 24
61 32
48 61
84 29
11 79
77 64
73 46
76 31
46 9
73 82
18 78
32 51
3 65
44 63
91 34
41 32
87 21
18 66
11 35
85 64
53 39
36 14
61 96
40 59
13 25
32 42
39 60
59 35
50 8
37 57
97 75
7 67
6 98
11 82
6 11
99 79
29 42
84 81
10 68
79 48
40 87
73 74
46 43
50 65
26 70
18 81
31 92
59 47
44 97
78 66
50 64
4 96
20 37
24 81
72 58
49 58
38 18
30 35
6 58
21 33
30 3
34 48
15 23
37 22
87 23
54 79
40 50
58 94
89 14
90 21
94 22
